248
2
38
10
265
4
58
1
296
1
3
1
285
3
239
5
106
4
83
3
207
3
235
9
43
10
218
9
284
6
132
2
89
8
36
2
123
6
145
9
85
6
264
8
178
2
178
2
290
3
224
2
58
2
229
1
56
4
59
6
98
8
57
10
158
3
5
9
91
1
161
9
208
1
298
1
258
1
157
7
37
6
42
6
59
4
184
10
137
4
286
4
0
1
160
4
227
8
34
9
240
8
226
9
244
4
33
5
287
10
226
3
54
7
163
9
168
6
294
1
182
2
285
5
18
2
187
10
265
4
6
1
165
4
222
4
222
2
28
9
219
8
176
7
214
4
193
1
260
2
142
1
10
3
62
1
248
6
69
5
164
6
179
10
8
9
19
4
62
5
92
10
148
7
180
1
208
7
165
4
238
5
144
10
69
1
14
2
6
7
59
2
67
1
115
10
164
3
112
5
